{"Xmesh":[-20,-19.333334,-18.666666,-18,-17.333334,-16.666666,-16,-15.333333,-14.666666,-14,-13.333333,-12.666666,-12,-11.333333,-10.666666,-10,-9.333333,-8.666666,-8,-7.333333,-6.666666,-6,-5.333333,-4.666666,-4,-3.333332,-2.666666,-2,-1.3333321,-0.66666603,0,0.66666794,1.333334,2,2.666668,3.333334,4,4.666668,5.333334,6,6.666668,7.333334,8,8.666668,9.333334,10,10.666668,11.333334,12,12.666668,13.333336,14,14.666668,15.333336,16,16.666668,17.333336,18,18.666668,19.333336,20],"Ymesh":[-20,-19.333334,-18.666666,-18,-17.333334,-16.666666,-16,-15.333333,-14.666666,-14,-13.333333,-12.666666,-12,-11.333333,-10.666666,-10,-9.333333,-8.666666,-8,-7.333333,-6.666666,-6,-5.333333,-4.666666,-4,-3.333332,-2.666666,-2,-1.3333321,-0.66666603,0,0.66666794,1.333334,2,2.666668,3.333334,4,4.666668,5.333334,6,6.666668,7.333334,8,8.666668,9.333334,10,10.666668,11.333334,12,12.666668,13.333336,14,14.666668,15.333336,16,16.666668,17.333336,18,18.666668,19.333336,20],"Data":[[2.2938719,2.3990436,2.5043066,2.5675194,2.5522137,2.4411616,2.2441812,1.9975551,1.75504,1.5730103,1.494148,1.5345981,1.678549,1.8820245,2.0849388,2.2279992,2.269568,2.1975622,2.0329158,1.8235847,1.6308541,1.5119503,1.5040178,1.6140833,1.8178141,2.0672624,2.3051174,2.4811168,2.565672,2.556705,2.477809,2.3685071,2.2698202,2.2097526,2.193339,2.2004542,2.1921823,2.1238883,1.9610023,1.6926155,1.3385625,0.94755435,0.58656776,0.32434535,0.21364331,0.27729785,0.5021404,0.84250987,1.2323542,1.6024237,1.8976194,2.0896013,2.1811965,2.2016287,2.1943407,2.2013183,2.2488148,2.338849,2.4490144,2.5405319,2.5719366],[2.3990436,2.5683951,2.74126,2.868082,2.9052978,2.829692,2.646869,2.3911538,2.1168349,1.8832728,1.738286,1.7047687,1.7745528,1.911384,2.0621476,2.1730235,2.2057562,2.149192,2.0226417,1.8700573,1.7467752,1.702764,1.7673848,1.9401871,2.1904666,2.465684,2.7061968,2.8619018,2.9058216,2.8406348,2.6962998,2.519603,2.3589249,2.248918,2.1998324,2.1947615,2.1956794,2.1564348,2.0387263,1.8261375,1.5318501,1.197535,0.8835391,0.6531354,0.55538595,0.61162484,0.8095437,1.1066053,1.4417949,1.7522436,1.9898597,2.133141,2.1908062,2.19635,2.19537,2.229626,2.322768,2.4721003,2.6488953,2.8071306,2.8979695],[2.5043066,2.74126,2.987184,3.1844835,3.28182,3.249321,3.0877879,2.8291273,2.5278645,2.2462301,2.0372353,1.9307209,1.9264629,1.9962746,2.0943515,2.1726234,2.1963942,2.155489,2.067508,1.9721938,1.9186331,1.9491916,2.085107,2.3181758,2.6111581,2.9069138,3.1436324,3.2717137,3.2672908,3.1384177,2.9220955,2.6730473,2.4476068,2.287524,2.208508,2.1968772,2.215244,2.2154417,2.1547277,2.0103116,1.7877752,1.5208046,1.2622609,1.0692571,0.9867023,1.0342442,1.2005394,1.446562,1.716966,1.9560828,2.1237557,2.2062757,2.2191484,2.2009006,2.199844,2.2578347,2.3959844,2.6067,2.8545356,3.085665,3.2432218],[2.5675194,2.868082,3.1844835,3.451353,3.6097522,3.6232178,3.4876885,3.232463,2.911986,2.5909326,2.3269932,2.1563962,2.0862892,2.0960166,2.1466208,2.195429,2.2110906,2.1843512,2.131203,2.0874326,2.096263,2.1929445,2.3911424,2.6754718,3.0027096,3.311605,3.5385804,3.6348197,3.579722,3.3867393,3.0998182,2.781416,2.4955397,2.2907038,2.1877244,2.1757982,2.2178574,2.263449,2.2651718,2.1937025,2.0469177,1.850457,1.6496665,1.495491,1.4286864,1.4672148,1.6006978,1.7936193,1.9963081,2.160317,2.2534761,2.2699623,2.2322116,2.1839833,2.1765618,2.2522051,2.4298275,2.6972923,3.0127757,3.3149452,3.5391312],[2.5522137,2.9052978,3.28182,3.6097522,3.8235655,3.8809907,3.7735708,3.5280805,3.1985633,2.8514237,2.5479906,2.3295968,2.2093647,2.1727896,2.1865323,2.2123625,2.221688,2.206014,2.1800056,2.1761894,2.2329652,2.3797507,2.6240377,2.944639,3.2935743,3.606444,3.818511,3.8819559,3.7792487,3.5286787,3.1802814,2.8031957,2.4679744,2.2288153,2.1107173,2.1050801,2.1747887,2.2670677,2.330137,2.3286834,2.253605,2.1233044,1.9763998,1.8583281,1.8061435,1.8363069,1.9392989,2.0827317,2.221997,2.3151085,2.3370686,2.2891796,2.2002065,2.1187816,2.099109,2.1841252,2.3911424,2.7043438,3.0765767,3.4401298,3.7236135],[2.4411616,2.829692,3.249321,3.6232178,3.8809907,3.9759753,3.896247,3.666391,3.339737,2.983482,2.6611102,2.41718,2.268698,2.2052205,2.1971555,2.2092519,2.2147737,2.2057376,2.1959157,2.2156413,2.3000844,2.4747815,2.743162,3.0802891,3.4352148,3.7417338,3.9347239,3.967493,3.825079,3.529533,3.1354637,2.71691,2.3491178,2.0902483,1.9680793,1.9752687,2.0742612,2.2101424,2.3274782,2.3861303,2.371477,2.2962587,2.1938648,2.1054711,2.0652752,2.088581,2.1665313,2.2691507,2.3557453,2.3893418,2.3505425,2.2462661,2.1103442,1.9954259,1.9582946,2.0428016,2.265456,2.6080523,3.0197577,3.4283185,3.7574477],[2.2441812,2.646869,3.0877879,3.4876885,3.7735708,3.896247,3.8416018,3.632565,3.3214703,2.9752264,2.6576972,2.414375,2.2635796,2.1963468,2.1845074,2.1939702,2.1987324,2.1910138,2.1842318,2.2078567,2.2958074,2.4721608,2.73889,3.069829,3.4132328,3.7026908,3.8735633,3.8803432,3.7098866,3.386549,2.9675126,2.5293996,2.1497746,1.8885866,1.7746524,1.8007654,1.9285371,2.1012812,2.2609782,2.3643053,2.3931336,2.3566904,2.2851708,2.2171726,2.1851768,2.203795,2.2645655,2.3389614,2.3886514,2.3797152,2.2962127,2.1486044,1.9740242,1.8278952,1.7690126,1.8423254,2.0644705,2.4164395,2.8457975,3.278093,3.6345005],[1.9975551,2.3911538,2.8291273,3.232463,3.5280805,3.666391,3.632565,3.448537,3.1654093,2.8486824,2.5607107,2.345454,2.2197614,2.173343,2.1769223,2.195585,2.2028348,2.1907582,2.1730068,2.1796377,2.245477,2.395775,2.633879,2.9351184,3.249283,3.5114517,3.658351,3.6456466,3.4611158,3.1297448,2.7090294,2.275584,1.9066519,1.6615758,1.5683179,1.6186185,1.7728928,1.9731753,2.1601439,2.2892087,2.3410623,2.3238928,2.267033,2.2084315,2.1801548,2.196651,2.2495513,2.310676,2.3422809,2.3112519,2.2026436,2.0280614,1.8258866,1.6528413,1.5690125,1.6205738,1.8252604,2.164978,2.5879712,3.0201902,3.3829052],[1.75504,2.1168349,2.5278645,2.911986,3.1985633,3.339737,3.3214703,3.1654093,2.9212482,2.6520348,2.4168031,2.2555988,2.1810992,2.178958,2.2163258,2.2555285,2.26838,2.246504,2.2043607,2.1740112,2.1932933,2.2911985,2.4751992,2.7247622,2.99346,3.2194772,3.3417203,3.316958,3.1329515,2.813619,2.414505,2.0096328,1.6733134,1.4619253,1.400732,1.4792879,1.6565087,1.8737029,2.071586,2.2062726,2.2596557,2.2413964,2.1823328,2.1217148,2.0925121,2.1095452,2.1642325,2.2276256,2.260771,2.2290833,2.1161113,1.9321613,1.7147546,1.5203791,1.4096341,1.4299848,1.6011777,1.907699,2.3007116,2.7091386,3.0569656],[1.5730103,1.8832728,2.2462301,2.5909326,2.8514237,2.983482,2.9752264,2.8486824,2.6520348,2.445011,2.2817874,2.196451,2.1951776,2.2572036,2.3439698,2.4133627,2.434467,2.3981588,2.3202055,2.235901,2.1879215,2.2112217,2.319778,2.4994707,2.70958,2.8927631,2.99077,2.9613605,2.7914088,2.5022354,2.145412,1.7900864,1.5053349,1.3425119,1.3225858,1.4319654,1.6278503,1.8513672,2.0445123,2.1659052,2.2007952,2.162588,2.085758,2.0126135,1.9782126,1.9982285,2.063591,2.1435826,2.196423,2.184005,2.0861125,1.9095405,1.6890302,1.4794226,1.3410833,1.3227756,1.4470198,1.7023188,2.044708,2.408343,2.72224],[1.494148,1.738286,2.0372353,2.3269932,2.5479906,2.6611102,2.6576972,2.5607107,2.4168031,2.2817874,2.2038813,2.209727,2.2972956,2.4376693,2.5850048,2.691509,2.7227697,2.6687036,2.5467548,2.3963587,2.266376,2.1993635,2.2175474,2.3148835,2.4577553,2.5942652,2.6694474,2.6419144,2.4969501,2.2520838,1.9533644,1.6633244,1.444072,1.3403962,1.3677945,1.5088496,1.7189347,1.939466,2.1147256,2.2072654,2.2073839,2.1340067,2.0269065,1.9328139,1.8897953,1.9147509,1.997908,2.1060016,2.1931696,2.2161846,2.149304,1.9940759,1.7809438,1.5619681,1.3966548,1.3350148,1.4028716,1.5937953,1.8701501,2.1730235,2.4382198],[1.5345981,1.7047687,1.9307209,2.1563962,2.3295968,2.41718,2.414375,2.345454,2.2555988,2.196451,2.209727,2.3138645,2.4977365,2.723354,2.9367502,3.0837893,3.1261506,3.0526779,2.8826897,2.6602502,2.4411247,2.276342,2.1973007,2.2068975,2.279328,2.3686094,2.423231,2.4025078,2.2896724,2.0977385,1.866321,1.650338,1.5039504,1.4645324,1.541487,1.7132425,1.9333535,2.1438766,2.2920353,2.3452122,2.299801,2.1813304,2.0358784,1.9154238,1.8615953,1.892745,1.9982687,2.141886,2.272894,2.3419785,2.3167956,2.1925788,1.9945263,1.7711868,1.5807679,1.4744246,1.4815221,1.6012468,1.8030878,2.036018,2.243635],[1.678549,1.7745528,1.9264629,2.0862892,2.2093647,2.268698,2.2635796,2.2197614,2.1810992,2.1951776,2.2972956,2.4977365,2.7763016,3.0859356,3.3645415,3.5516305,3.6049638,3.51231,3.2948675,3.0013373,2.6944013,2.4335635,2.259385,2.1836722,2.1883726,2.2333255,2.2703533,2.2593217,2.1812413,2.0444307,1.8818984,1.7407964,1.6672244,1.6910799,1.8156686,2.0153306,2.2419338,2.4383676,2.5550408,2.5644405,2.469344,2.3021615,2.1155248,1.9668565,1.9014779,1.9392446,2.0686915,2.2504132,2.4286866,2.547876,2.5687623,2.4799786,2.3011956,2.0771978,1.864686,1.7158101,1.6633925,1.7122204,1.8389535,2.000552,2.1485486],[1.8820245,1.911384,1.9962746,2.0960166,2.1727896,2.2052205,2.1963468,2.173343,2.178958,2.2572036,2.4376693,2.723354,3.0859356,3.4702291,3.8068404,4.0295763,4.092678,3.9829483,3.7232735,3.3665214,2.9815824,2.6355672,2.377249,2.2264078,2.171911,2.1787682,2.2017198,2.2010393,2.1556456,2.0695426,1.9697129,1.8962554,1.887973,1.9680204,2.134233,2.357321,2.5877156,2.769164,2.8550718,2.8226633,2.6806073,2.4676483,2.242438,2.0673966,1.9912313,2.035177,2.1869788,2.4043658,2.627008,2.793463,2.8581896,2.803733,2.6446452,2.4221878,2.1915908,2.0058103,1.9007218,1.8861263,1.9451438,2.0419567,2.1352987],[2.0849388,2.0621476,2.0943515,2.1466208,2.1865323,2.1971555,2.1845074,2.1769223,2.2163258,2.3439698,2.5850048,2.9367502,3.3645415,3.8068404,4.1885486,4.4390087,4.509709,4.3866963,4.094178,3.688282,3.242754,2.8306513,2.5071642,2.298296,2.1983056,2.1762178,2.1890187,2.197257,2.1781673,2.13233,2.0819666,2.0616207,2.1043587,2.2280464,2.4262428,2.6668394,2.8991826,3.067746,3.1283457,3.0619895,2.882034,2.6322541,2.376079,2.1798909,2.0950816,2.1439784,2.3137012,2.5597074,2.8180146,3.0225742,3.1228244,3.09647,2.9539807,2.7337916,2.4899235,2.2759194,2.1300175,2.0659332,2.0718496,2.1176236,2.1676576],[2.2279992,2.1730235,2.1726234,2.195429,2.2123625,2.2092519,2.1939702,2.195585,2.2555285,2.4133627,2.691509,3.0837893,3.5516305,4.0295763,4.4390087,4.7065163,4.78189,4.650709,4.337996,3.9018893,3.4191327,2.9664497,2.6029882,2.3585856,2.2308207,2.1911845,2.1980352,2.2120757,2.2094836,2.188709,2.1690202,2.1815171,2.2557168,2.4062166,2.623938,2.875041,3.108216,3.2684054,3.3129382,3.2251832,3.0214183,2.7485507,2.4729815,2.2635574,2.1733394,2.2253342,2.4062724,2.6701996,2.950862,3.1793444,3.3019614,3.2934012,3.1615872,2.9431849,2.6914468,2.4602628,2.2893193,2.1947443,2.1678483,2.1819987,2.2051094],[2.269568,2.2057562,2.1963942,2.2110906,2.221688,2.2147737,2.1987324,2.2028348,2.26838,2.434467,2.7227697,3.1261506,3.6049638,4.092678,4.509709,4.78189,4.8585443,4.7251244,4.4068756,3.9624896,3.469531,3.0057323,2.6313252,2.3772001,2.2418463,2.1974301,2.202685,2.2183545,2.2203233,2.2064555,2.1952057,2.2167273,2.2995617,2.457408,2.6804643,2.9344156,3.1677747,3.3256145,3.3656816,3.271998,3.0616455,2.7823954,2.5014675,2.2883873,2.1966755,2.2495258,2.433562,2.7024405,2.9892817,3.224381,3.353192,3.3495717,3.2207408,3.002875,2.749015,2.513143,2.3353422,2.2324023,2.196493,2.2019463,2.2176414],[2.1975622,2.149192,2.155489,2.1843512,2.206014,2.2057376,2.1910138,2.1907582,2.246504,2.3981588,2.6687036,3.0526779,3.51231,3.9829483,4.3866963,4.650709,4.7251244,4.595618,4.2870455,3.8571327,3.3820076,2.9376419,2.5823708,2.3452456,2.223164,2.1871114,2.1951656,2.2079983,2.202005,2.1760743,2.1500814,2.1558337,2.2235777,2.3685813,2.5823076,2.8312712,3.0642967,3.226229,3.274085,3.1907473,2.991893,2.723785,2.4522123,2.2455156,2.156412,2.2077682,2.386396,2.64663,2.9226844,3.1462338,3.264235,3.251997,3.1179671,2.899176,2.649035,2.4213634,2.255551,2.1672313,2.147072,2.16772,2.1963677],[2.0329158,2.0226417,2.067508,2.131203,2.1800056,2.1959157,2.1842318,2.1730068,2.2043607,2.3202055,2.5467548,2.8826897,3.2948675,3.7232735,4.094178,4.337996,4.4068756,4.2870455,4.002396,3.608272,3.177255,2.7809744,2.4730816,2.2780871,2.1889582,2.1737568,2.1889338,2.1949742,2.1695204,2.113978,2.0517142,2.0186083,2.0491056,2.1623423,2.3529034,2.589355,2.8213017,2.9930387,3.0597987,3.0016766,2.8308978,2.5900254,2.3413367,2.1502597,2.0675392,2.1152396,2.280631,2.5197186,2.7694001,2.9647357,3.0563748,3.023189,2.876633,2.6558251,2.4150805,2.2078047,2.0716703,2.019454,2.0381231,2.0961711,2.1566374],[1.8235847,1.8700573,1.9721938,2.0874326,2.1761894,2.2156413,2.2078567,2.1796377,2.1740112,2.235901,2.3963587,2.6602502,3.0013373,3.3665214,3.688282,3.9018893,3.9624896,3.8571327,3.608272,3.2677054,2.9027295,2.5785022,2.3416896,2.2100263,2.1706069,2.187117,2.2135544,2.2100937,2.156198,2.0569868,1.940996,1.8501416,1.8251044,1.8907719,2.0463839,2.2635791,2.4931521,2.6786218,2.7726135,2.7511246,2.6212993,2.4202445,2.2050557,2.0368626,1.9634976,2.005839,2.1518366,2.3599594,2.571067,2.7252178,2.778505,2.7150488,2.5507264,2.3277147,2.1016302,1.9252286,1.833605,1.8352747,1.9116974,2.0251975,2.1326547],[1.6308541,1.7467752,1.9186331,2.096263,2.2329652,2.3000844,2.2958074,2.245477,2.1932933,2.1879215,2.266376,2.4411247,2.6944013,2.9815824,3.242754,3.4191327,3.469531,3.3820076,3.177255,2.9027295,2.6192563,2.384065,2.235258,2.182254,2.2049248,2.2615538,2.3030784,2.2892284,2.2016234,2.0498552,1.8687184,1.7074602,1.614352,1.6213028,1.7332544,1.925639,2.150767,2.35129,2.4767437,2.4982243,2.4167743,2.2629368,2.087566,1.9466085,1.8843853,1.9203445,2.0432541,2.2145557,2.3798869,2.4853258,2.4935193,2.3948934,2.2106228,1.9865217,1.7797108,1.6420842,1.6055431,1.6733731,1.820306,2.0011506,2.1653006],[1.5119503,1.702764,1.9491916,2.1929445,2.3797507,2.4747815,2.4721608,2.395775,2.2911985,2.2112217,2.1993635,2.276342,2.4335635,2.6355672,2.8306513,2.9664497,3.0057323,2.9376419,2.7809744,2.5785022,2.384065,2.2463286,2.1941369,2.2278976,2.319636,2.4217315,2.4817252,2.4587545,2.336645,2.1296902,1.8793198,1.6425929,1.4758995,1.4186883,1.4820611,1.6455972,1.8633415,2.0771487,2.2333934,2.2980776,2.2658615,2.1603994,2.0259817,1.9130999,1.8623744,1.8917463,1.9908465,2.1242487,2.2426207,2.2983744,2.261038,2.1276412,1.9248775,1.7023057,1.5185201,1.4243755,1.4482594,1.587795,1.8104794,2.063075,2.2869902],[1.5040178,1.7673848,2.085107,2.3911424,2.6240377,2.743162,2.73889,2.633879,2.4751992,2.319778,2.2175474,2.1973007,2.259385,2.377249,2.5071642,2.6029882,2.6313252,2.5823708,2.4730816,2.3416896,2.235258,2.1941369,2.2381597,2.3589442,2.5208237,2.6703374,2.7515893,2.7229724,2.5702648,2.3121288,1.9962493,1.6871068,1.4488535,1.3281951,1.3422174,1.4746017,1.6812265,1.9033878,2.0846586,2.1863985,2.1973865,2.1348937,2.0371091,1.9494427,1.9090638,1.9325067,2.010208,2.1096625,2.1862264,2.1982028,2.1215034,1.9592534,1.743196,1.5262463,1.3681982,1.3187287,1.4027185,1.6122699,1.9079014,2.22867,2.5083828],[1.6140833,1.9401871,2.3181758,2.6754718,2.944639,3.0802891,3.069829,2.9351184,2.7247622,2.4994707,2.3148835,2.2068975,2.1836722,2.2264078,2.298296,2.3585856,2.3772001,2.3452456,2.2780871,2.2100263,2.182254,2.2278976,2.3589442,2.5593195,2.786573,2.98202,3.0865748,3.0577385,2.8827078,2.5836515,2.2134092,1.842666,1.5421355,1.3647289,1.3327305,1.4334939,1.6247048,1.8474885,2.0433779,2.1701438,2.211923,2.180892,2.110339,2.0415769,2.0089862,2.0279639,2.089598,2.163745,2.2095432,2.1900337,2.0862336,1.9060982,1.6853027,1.4792676,1.3484912,1.3413832,1.4796393,1.750537,2.1086059,2.4863684,2.811259],[1.8178141,2.1904666,2.6111581,3.0027096,3.2935743,3.4352148,3.4132328,3.249283,2.99346,2.70958,2.4577553,2.279328,2.1883726,2.171911,2.1983056,2.2308207,2.2418463,2.223164,2.1889582,2.1706069,2.2049248,2.319636,2.5208237,2.786573,3.0692089,3.3059149,3.434925,3.4127154,3.2271428,2.902582,2.4953277,2.0803597,1.7330405,1.5107837,1.4397664,1.510247,1.6815786,1.8952131,2.0917249,2.2268448,2.2819083,2.2659304,2.20911,2.1501527,2.1216547,2.1382825,2.1915426,2.2528043,2.2836175,2.250019,2.1362104,1.9530897,1.7386171,1.5494936,1.4462554,1.4760101,1.6578685,1.9754533,2.3789158,2.7961206,3.1500602],[2.0672624,2.465684,2.9069138,3.311605,3.606444,3.7417338,3.7026908,3.5114517,3.2194772,2.8927631,2.5942652,2.3686094,2.2333255,2.1787682,2.1762178,2.1911845,2.1974301,2.1871114,2.1737568,2.187117,2.2615538,2.4217315,2.6703374,2.98202,3.3059149,3.5765254,3.7301183,3.7220416,3.539914,3.2087197,2.7860992,2.348931,1.9748137,1.7234972,1.6233673,1.6665709,1.8138843,2.0076392,2.1887372,2.3127377,2.3604171,2.3399944,2.2808003,2.220764,2.1919324,2.2087443,2.2628365,2.3260467,2.3606513,2.333545,2.2297628,2.0608418,1.8650334,1.6988567,1.6221211,1.6806551,1.8917974,2.2370317,2.6641867,3.0988405,3.4619699],[2.3051174,2.7061968,3.1436324,3.5385804,3.818511,3.9347239,3.8735633,3.658351,3.3417203,2.99077,2.6694474,2.423231,2.2703533,2.2017198,2.1890187,2.1980352,2.202685,2.1951656,2.1889338,2.2135544,2.3030784,2.4817252,2.7515893,3.0865748,3.434925,3.7301183,3.9072933,3.920617,3.7565312,3.4389198,3.024478,2.5893703,2.2107818,1.9484054,1.8309578,1.8513134,1.9713497,2.134822,2.2842987,2.3771474,2.3959782,2.350745,2.2722943,2.1997461,2.1659267,2.185587,2.2501855,2.3309045,2.388935,2.3897355,2.3166535,2.179408,2.0144236,1.8765022,1.823954,1.9014118,2.1253808,2.4769037,2.9037633,3.3318572,3.6828005],[2.4811168,2.8619018,3.2717137,3.6348197,3.8819559,3.967493,3.8803432,3.6456466,3.316958,2.9613605,2.6419144,2.4025078,2.2593217,2.2010393,2.197257,2.2120757,2.2183545,2.2079983,2.1949742,2.2100937,2.2892284,2.4587545,2.7229724,3.0577385,3.4127154,3.7220416,3.920617,3.961432,3.8288848,3.5441267,3.1606944,2.7514946,2.3907046,2.1355991,2.0133557,2.0163937,2.1073177,2.2317708,2.335227,2.3787255,2.3489776,2.2600842,2.1466844,2.050971,2.007822,2.032817,2.1169405,2.229643,2.3292975,2.377732,2.3542063,2.264285,2.1405675,2.0347106,2.0028386,2.0885313,2.308429,2.6448336,3.0477297,3.4458933,3.7641644],[2.565672,2.9058216,3.2672908,3.579722,3.7792487,3.825079,3.7098866,3.4611158,3.1329515,2.7914088,2.4969501,2.2896724,2.1812413,2.1556456,2.1781673,2.2094836,2.2203233,2.202005,2.1695204,2.156198,2.2016234,2.336645,2.5702648,2.8827078,3.2271428,3.539914,3.7565312,3.8288848,3.7386405,3.5028481,3.1699984,2.8075464,2.484406,2.2533634,2.138391,2.1303687,2.192233,2.2718356,2.3185434,2.2985947,2.2046845,2.057074,1.8961054,1.7686248,1.7126329,1.7449745,1.8559105,2.0122533,2.1680996,2.279808,2.320541,2.2897666,2.2146144,2.1424456,2.1266854,2.2100594,2.4102468,2.712328,3.0704708,3.4185581,3.6868901],[2.556705,2.8406348,3.1384177,3.3867393,3.5286787,3.529533,3.386549,3.1297448,2.813619,2.5022354,2.2520838,2.0977385,2.0444307,2.0695426,2.13233,2.188709,2.2064555,2.1760743,2.113978,2.0569868,2.0498552,2.1296902,2.3121288,2.5836515,2.902582,3.2087197,3.4389198,3.5441267,3.5028481,3.3270876,3.0589414,2.7588139,2.4886854,2.2952921,2.1981184,2.185625,2.2206914,2.2535052,2.237936,2.1464274,1.9789314,1.7632505,1.5467471,1.3820198,1.3109376,1.3519139,1.4943116,1.7016748,1.9228109,2.1073353,2.2209325,2.255657,2.232073,2.1925168,2.1874495,2.2589903,2.4266067,2.6793432,2.9770498,3.260375,3.466716],[2.477809,2.6962998,2.9220955,3.0998182,3.1802814,3.1354637,2.9675126,2.7090294,2.414505,2.145412,1.9533644,1.866321,1.8818984,1.9697129,2.0819666,2.1690202,2.1952057,2.1500814,2.0517142,1.940996,1.8687184,1.8793198,1.9962493,2.2134092,2.4953277,2.7860992,3.024478,3.1606944,3.1699984,3.0589414,2.8625689,2.633409,2.425605,2.2789595,2.2076933,2.1972604,2.2101266,2.1987154,2.1215458,1.9576219,1.7146574,1.4285729,1.1543213,0.9507359,0.86388445,0.91388535,1.0891262,1.3496008,1.638381,1.8977863,2.0854404,2.18545,2.2114124,2.2004294,2.2000296,2.2520113,2.3781598,2.572213,2.8005657,3.0115395,3.1504858],[2.3685071,2.519603,2.6730473,2.781416,2.8031957,2.71691,2.5293996,2.275584,2.0096328,1.7900864,1.6633244,1.650338,1.7407964,1.8962554,2.0616207,2.1815171,2.2167273,2.1558337,2.0186083,1.8501416,1.7074602,1.6425929,1.6871068,1.842666,2.0803597,2.348931,2.5893703,2.7514946,2.8075464,2.7588139,2.633409,2.4760237,2.3329232,2.23686,2.1966035,2.1943493,2.191849,2.1434262,2.0118933,1.7824602,1.470262,1.1190313,0.79105246,0.551196,0.44960153,0.5080415,0.71395695,1.0238981,1.375381,1.7036718,1.958628,2.1167417,2.184995,2.1956131,2.1935346,2.2205486,2.3010252,2.4336016,2.5913553,2.730342,2.8038492],[2.2698202,2.3589249,2.4476068,2.4955397,2.4679744,2.3491178,2.1497746,1.9066519,1.6733134,1.5053349,1.444072,1.5039504,1.6672244,1.887973,2.1043587,2.2557168,2.2995617,2.2235777,2.0491056,1.8251044,1.614352,1.4758995,1.4488535,1.5421355,1.7330405,1.9748137,2.2107818,2.3907046,2.484406,2.4886854,2.425605,2.3329232,2.2498546,2.2027566,2.1953537,2.2066824,2.197549,2.1236212,1.9511682,1.670554,1.303169,0.8993815,0.5277344,0.25826573,0.14460874,0.20995545,0.44093347,0.7911403,1.1933306,1.576745,1.8846337,2.0870543,2.1854665,2.2081232,2.198011,2.1972334,2.2327337,2.3077235,2.4013672,2.4766674,2.4939551],[2.2097526,2.248918,2.287524,2.2907038,2.2288153,2.0902483,1.8885866,1.6615758,1.4619253,1.3425119,1.3403962,1.4645324,1.6910799,1.9680204,2.2280464,2.4062166,2.457408,2.3685813,2.1623423,1.8907719,1.6213028,1.4186883,1.3281951,1.3647289,1.5107837,1.7234972,1.9484054,2.1355991,2.2533634,2.2952921,2.2789595,2.23686,2.2027566,2.1979618,2.2220976,2.2514677,2.245779,2.1613095,1.9665338,1.6553216,1.253432,0.81593525,0.41584623,0.1269176,0.0052978992,0.0752058,0.32268178,0.6991924,1.1340691,1.5522382,1.8922559,2.1196637,2.2321308,2.2553115,2.2311254,2.2023056,2.1980987,2.2254796,2.2684484,2.2954059,2.2720587],[2.193339,2.1998324,2.208508,2.1877244,2.1107173,1.9680793,1.7746524,1.5683179,1.400732,1.3225858,1.3677945,1.541487,1.8156686,2.134233,2.4262428,2.623938,2.6804643,2.5823076,2.3529034,2.0463839,1.7332544,1.4820611,1.3422174,1.3327305,1.4397664,1.6233673,1.8309578,2.0133557,2.138391,2.1981184,2.2076933,2.1966035,2.1953537,2.2220976,2.2737246,2.3244953,2.3329396,2.2550967,2.0601015,1.7432433,1.3322332,0.8843471,0.47475684,0.1790359,0.054579973,0.12611651,0.3793944,0.7648237,1.2100515,1.6379125,1.98474,2.2140243,2.3218439,2.3329668,2.289296,2.2344866,2.1996045,2.1941907,2.2053175,2.204651,2.1610096],[2.2004542,2.1947615,2.1968772,2.1757982,2.1050801,1.9752687,1.8007654,1.6186185,1.4792879,1.4319654,1.5088496,1.7132425,2.0153306,2.357321,2.6668394,2.875041,2.9344156,2.8312712,2.589355,2.2635791,1.925639,1.6455972,1.4746017,1.4334939,1.510247,1.6665709,1.8513134,2.0163937,2.1303687,2.185625,2.1972604,2.1943493,2.2066824,2.2514677,2.3244953,2.3988483,2.431875,2.3784876,2.2067957,1.9111954,1.5186543,1.0858558,0.687526,0.39892757,0.27727103,0.3472116,0.5945394,0.969818,1.4009697,1.8112367,2.1375036,2.343963,2.4275465,2.4140131,2.3463693,2.2694423,2.2154827,2.195161,2.1965444,2.1920843,2.1511004],[2.1921823,2.1956794,2.215244,2.2178574,2.1747887,2.0742612,1.9285371,1.7728928,1.6565087,1.6278503,1.7189347,1.9333535,2.2419338,2.5877156,2.8991826,3.108216,3.1677747,3.0642967,2.8213017,2.4931521,2.150767,1.8633415,1.6812265,1.6247048,1.6815786,1.8138843,1.9713497,2.1073177,2.192233,2.2206914,2.2101266,2.191849,2.197549,2.245779,2.3329396,2.431875,2.4988065,2.4866781,2.360919,2.1127372,1.7656623,1.3729823,1.0063641,0.7386172,0.625324,0.69048476,0.9202641,1.266598,1.6596539,2.0255923,2.3046305,2.4644167,2.5051665,2.4554818,2.3605487,2.2665608,2.206251,2.1899033,2.2044265,2.2205045,2.2052898],[2.1238883,2.1564348,2.2154417,2.263449,2.2670677,2.2101424,2.1012812,1.9731753,1.8737029,1.8513672,1.939466,2.1438766,2.4383676,2.769164,3.067746,3.2684054,3.3256145,3.226229,2.9930387,2.6786218,2.35129,2.0771487,1.9033878,1.8474885,1.8952131,2.0076392,2.134822,2.2317708,2.2718356,2.2535052,2.1987154,2.1434262,2.1236212,2.1613095,2.2550967,2.3784876,2.4866781,2.5299325,2.4695475,2.2915065,2.0135002,1.6829104,1.3660018,1.1312076,1.0311867,1.0887585,1.2907629,1.591603,1.9254618,2.2236695,2.4322662,2.5248153,2.5069761,2.4118245,2.2876523,2.1821425,2.1278229,2.1331728,2.1819518,2.240733,2.2720668],[1.9610023,2.0387263,2.1547277,2.2651718,2.330137,2.3274782,2.2609782,2.1601439,2.071586,2.0445123,2.1147256,2.2920353,2.5550408,2.8550718,3.1283457,3.3129382,3.3656816,3.274085,3.0597987,2.7726135,2.4767437,2.2333934,2.0846586,2.0433779,2.0917249,2.1887372,2.2842987,2.335227,2.3185434,2.237936,2.1215458,2.0118933,1.9511682,1.9665338,2.0601015,2.2067957,2.360919,2.4695475,2.488753,2.3977358,2.2064943,1.9545636,1.7009861,1.5083225,1.4253013,1.4731507,1.6396209,1.8824341,2.1411648,2.3540623,2.4749198,2.485113,2.397403,2.2505748,2.0967033,1.9850056,1.9472122,1.9888337,2.0888734,2.2079208,2.3019915],[1.6926155,1.8261375,2.0103116,2.1937025,2.3286834,2.3861303,2.3643053,2.2892087,2.2062726,2.1659052,2.2072654,2.3452122,2.5644405,2.8226633,3.0619895,3.2251832,3.271998,3.1907473,3.0016766,2.7511246,2.4982243,2.2980776,2.1863985,2.1701438,2.2268448,2.3127377,2.3771474,2.3787255,2.2985947,2.1464274,1.9576219,1.7824602,1.670554,1.6553216,1.7432433,1.9111954,2.1127372,2.2915065,2.3977358,2.402933,2.3083065,2.1443813,1.9618838,1.8165987,1.7527132,1.7896173,1.9161128,2.0937572,2.2683482,2.3861086,2.409741,2.329562,2.1664078,1.9654765,1.7829801,1.6696308,1.655931,1.7436415,1.9059638,2.0963058,2.2629294],[1.3385625,1.5318501,1.7877752,2.0469177,2.253605,2.371477,2.3931336,2.3410623,2.2596557,2.2007952,2.2073839,2.299801,2.469344,2.6806073,2.882034,3.0214183,3.0616455,2.991893,2.8308978,2.6212993,2.4167743,2.2658615,2.1973865,2.211923,2.2819083,2.3604171,2.3959782,2.3489776,2.2046845,1.9789314,1.7146574,1.470262,1.303169,1.253432,1.3322332,1.5186543,1.7656623,2.0135002,2.2064943,2.3083065,2.3111355,2.2362466,2.125802,2.0286024,1.9841503,2.009938,2.095853,2.20741,2.2968233,2.3185284,2.2443902,2.0738986,1.8361392,1.5828147,1.374263,1.2625701,1.276782,1.4145966,1.6430423,1.9079542,2.1494703],[0.94755435,1.197535,1.5208046,1.850457,2.1233044,2.2962587,2.3566904,2.3238928,2.2413964,2.162588,2.1340067,2.1813304,2.3021615,2.4676483,2.6322541,2.7485507,2.7823954,2.723785,2.5900254,2.4202445,2.2629368,2.1603994,2.1348937,2.180892,2.2659304,2.3399944,2.350745,2.2600842,2.057074,1.7632505,1.4285729,1.1190313,0.8993815,0.81593525,0.8843471,1.0858558,1.3729823,1.6829104,1.9545636,2.1443813,2.2362466,2.2428598,2.1984565,2.1453648,2.1187456,2.134332,2.183018,2.2339861,2.2453969,2.1792912,2.01601,1.763516,1.4584947,1.1586133,0.92795026,0.8197653,0.86164415,1.0474042,1.3382411,1.6728743,1.9838386],[0.58656776,0.8835391,1.2622609,1.6496665,1.9763998,2.1938648,2.2851708,2.267033,2.1823328,2.085758,2.0269065,2.0358784,2.1155248,2.242438,2.376079,2.4729815,2.5014675,2.4522123,2.3413367,2.2050557,2.087566,2.0259817,2.0371091,2.110339,2.20911,2.2808003,2.2722943,2.1466844,1.8961054,1.5467471,1.1543213,0.79105246,0.5277344,0.41584623,0.47475684,0.687526,1.0063641,1.3660018,1.7009861,1.9618838,2.125802,2.1984565,2.2076106,2.1903079,2.1781619,2.1854684,2.2039442,2.205768,2.153957,2.0167608,1.7814361,1.4628508,1.1038747,0.76701283,0.519356,0.4150703,0.48049128,0.7062048,1.0485857,1.4404888,1.8081999],[0.32434535,0.6531354,1.0692571,1.495491,1.8583281,2.1054711,2.2171726,2.2084315,2.1217148,2.0126135,1.9328139,1.9154238,1.9668565,2.0673966,2.1798909,2.2635574,2.2883873,2.2455156,2.1502597,2.0368626,1.9466085,1.9130999,1.9494427,2.0415769,2.1501527,2.220764,2.1997461,2.050971,1.7686248,1.3820198,0.9507359,0.551196,0.25826573,0.1269176,0.1790359,0.39892757,0.7386172,1.1312076,1.5083225,1.8165987,2.0286024,2.1453648,2.1903079,2.1969278,2.194458,2.1962292,2.19451,2.1634905,2.0694473,1.884796,1.6014321,1.2388513,0.84406507,0.48281157,0.22418511,0.12293935,0.20454669,0.45740044,0.8346139,1.2650869,1.6708937],[0.21364331,0.55538595,0.9867023,1.4286864,1.8061435,2.0652752,2.1851768,2.1801548,2.0925121,1.9782126,1.8897953,1.8615953,1.9014779,1.9912313,2.0950816,2.1733394,2.1966755,2.156412,2.0675392,1.9634976,1.8843853,1.8623744,1.9090638,2.0089862,2.1216547,2.1919324,2.1659267,2.007822,1.7126329,1.3109376,0.86388445,0.44960153,0.14460874,0.0052978992,0.054579973,0.27727103,0.625324,1.0311867,1.4253013,1.7527132,1.9841503,2.1187456,2.1781619,2.194458,2.1959023,2.1954343,2.1855464,2.1412442,2.0301251,1.826293,1.5235224,1.1431841,0.7339653,0.36291242,0.09992814,0,0.08824539,0.35216403,0.7435435,1.1896752,1.6109236],[0.27729785,0.61162484,1.0342442,1.4672148,1.8363069,2.088581,2.203795,2.196651,2.1095452,1.9982285,1.9147509,1.892745,1.9392446,2.035177,2.1439784,2.2253342,2.2495258,2.2077682,2.1152396,2.005839,1.9203445,1.8917463,1.9325067,2.0279639,2.1382825,2.2087443,2.185587,2.032817,1.7449745,1.3519139,0.91388535,0.5080415,0.20995545,0.0752058,0.12611651,0.3472116,0.69048476,1.0887585,1.4731507,1.7896173,2.009938,2.134332,2.1854684,2.1962292,2.1954343,2.196247,2.1910324,2.154329,2.052978,1.8601183,1.5684481,1.198266,0.79730046,0.43184888,0.17135262,0.070664644,0.15510654,0.41268897,0.79595923,1.233129,1.6455414],[0.5021404,0.8095437,1.2005394,1.6006978,1.9392989,2.1665313,2.2645655,2.2495513,2.1642325,2.063591,1.997908,1.9982687,2.0686915,2.1869788,2.3137012,2.4062724,2.433562,2.386396,2.280631,2.1518366,2.0432541,1.9908465,2.010208,2.089598,2.1915426,2.2628365,2.2501855,2.1169405,1.8559105,1.4943116,1.0891262,0.71395695,0.44093347,0.32268178,0.3793944,0.5945394,0.9202641,1.2907629,1.6396209,1.9161128,2.095853,2.183018,2.2039442,2.19451,2.1855464,2.1910324,2.202866,2.1938868,2.128183,1.975373,1.7242383,1.3911674,1.0203921,0.67548096,0.42418408,0.32086265,0.39157033,0.6261753,0.97998166,1.3845472,1.7647748],[0.84250987,1.1066053,1.446562,1.7936193,2.0827317,2.2691507,2.3389614,2.310676,2.2276256,2.1435826,2.1060016,2.141886,2.2504132,2.4043658,2.5597074,2.6701996,2.7024405,2.64663,2.5197186,2.3599594,2.2145557,2.1242487,2.1096625,2.163745,2.2528043,2.3260467,2.3309045,2.229643,2.0122533,1.7016748,1.3496008,1.0238981,0.7911403,0.6991924,0.7648237,0.969818,1.266598,1.591603,1.8824341,2.0937572,2.20741,2.2339861,2.205768,2.1634905,2.1412442,2.154329,2.1938868,2.230004,2.2223058,2.1347058,1.9496316,1.6771295,1.3557527,1.0446299,0.80875194,0.701656,0.7505559,0.9482993,1.254633,1.6065118,1.9345891],[1.2323542,1.4417949,1.716966,1.9963081,2.221997,2.3557453,2.3886514,2.3422809,2.260771,2.196423,2.1931696,2.272894,2.4286866,2.627008,2.8180146,2.950862,2.9892817,2.9226844,2.7694001,2.571067,2.3798869,2.2426207,2.1862264,2.2095432,2.2836175,2.3606513,2.388935,2.3292975,2.1680996,1.9228109,1.638381,1.375381,1.1933306,1.1340691,1.2100515,1.4009697,1.6596539,1.9254618,2.1411648,2.2683482,2.2968233,2.2453969,2.153957,2.0694473,2.0301251,2.052978,2.128183,2.2223058,2.2892666,2.2856832,2.1858528,1.9916981,1.7344885,1.467643,1.252579,1.1417277,1.1637254,1.3151665,1.5614157,1.8462751,2.1077085],[1.6024237,1.7522436,1.9560828,2.160317,2.3151085,2.3893418,2.3797152,2.3112519,2.2290833,2.184005,2.2161846,2.3419785,2.547876,2.793463,3.0225742,3.1793444,3.224381,3.1462338,2.9647357,2.7252178,2.4853258,2.2983744,2.1982028,2.1900337,2.250019,2.333545,2.3897355,2.377732,2.279808,2.1073353,1.8977863,1.7036718,1.576745,1.5522382,1.6379125,1.8112367,2.0255923,2.2236695,2.3540623,2.3861086,2.3185284,2.1792912,2.0167608,1.884796,1.826293,1.8601183,1.975373,2.1347058,2.2856832,2.3767934,2.373267,2.267954,2.0839713,1.8683188,1.6783578,1.5651929,1.5589404,1.6602564,1.8406563,2.0514734,2.23874],[1.8976194,1.9898597,2.1237557,2.2534761,2.3370686,2.3505425,2.2962127,2.2026436,2.1161113,2.0861125,2.149304,2.3167956,2.5687623,2.8581896,3.1228244,3.3019614,3.353192,3.264235,3.0563748,2.778505,2.4935193,2.261038,2.1215034,2.0862336,2.1362104,2.2297628,2.3166535,2.3542063,2.320541,2.2209325,2.0854404,1.958628,1.8846337,1.8922559,1.98474,2.1375036,2.3046305,2.4322662,2.4749198,2.409741,2.2443902,2.01601,1.7814361,1.6014321,1.5235224,1.5684481,1.7242383,1.9496316,2.1858528,2.373267,2.4680324,2.4539015,2.3457866,2.1841867,2.0222907,1.909734,1.8779451,1.9314644,2.0477812,2.1856012,2.2989004],[2.0896013,2.133141,2.2062757,2.2699623,2.2891796,2.2462661,2.1486044,2.0280614,1.9321613,1.9095405,1.9940759,2.1925788,2.4799786,2.803733,3.09647,3.2934012,3.3495717,3.251997,3.023189,2.7150488,2.3948934,2.1276412,1.9592534,1.9060982,1.9530897,2.0608418,2.179408,2.264285,2.2897666,2.255657,2.18545,2.1167417,2.0870543,2.1196637,2.2140243,2.343963,2.4644167,2.5248153,2.485113,2.329562,2.0738986,1.763516,1.4628508,1.2388513,1.1431841,1.198266,1.3911674,1.6771295,1.9916981,2.267954,2.4539015,2.5250874,2.4889803,2.3801203,2.2477815,2.1400673,2.0893397,2.1033654,2.164738,2.2385502,2.2857254],[2.1811965,2.1908062,2.2191484,2.2322116,2.2002065,2.1103442,1.9740242,1.8258866,1.7147546,1.6890302,1.7809438,1.9945263,2.3011956,2.6446452,2.9539807,3.1615872,3.2207408,3.1179671,2.876633,2.5507264,2.2106228,1.9248775,1.743196,1.6853027,1.7386171,1.8650334,2.0144236,2.1405675,2.2146144,2.232073,2.2114124,2.184995,2.1854665,2.2321308,2.3218439,2.4275465,2.5051665,2.5069761,2.397403,2.1664078,1.8361392,1.4584947,1.1038747,0.84406507,0.7339653,0.79730046,1.0203921,1.3557527,1.7344885,2.0839713,2.3457866,2.4889803,2.5150635,2.4537168,2.3508952,2.2531917,2.193349,2.1812887,2.2032416,2.2289815,2.2246242],[2.2016287,2.19635,2.2009006,2.1839833,2.1187816,1.9954259,1.8278952,1.6528413,1.5203791,1.4794226,1.5619681,1.7711868,2.0771978,2.4221878,2.7337916,2.9431849,3.002875,2.899176,2.6558251,2.3277147,1.9865217,1.7023057,1.5262463,1.4792676,1.5494936,1.6988567,1.8765022,2.0347106,2.1424456,2.1925168,2.2004294,2.1956131,2.2081232,2.2553115,2.3329668,2.4140131,2.4554818,2.4118245,2.2505748,1.9654765,1.5828147,1.1586133,0.76701283,0.48281157,0.36291242,0.43184888,0.67548096,1.0446299,1.467643,1.8683188,2.1841867,2.3801203,2.4537168,2.4313369,2.356482,2.274338,2.2173586,2.1962576,2.198997,2.197793,2.161632],[2.1943407,2.19537,2.199844,2.1765618,2.099109,1.9582946,1.7690126,1.5690125,1.4096341,1.3410833,1.3966548,1.5807679,1.864686,2.1915908,2.4899235,2.6914468,2.749015,2.649035,2.4150805,2.1016302,1.7797108,1.5185201,1.3681982,1.3484912,1.4462554,1.6221211,1.823954,2.0028386,2.1266854,2.1874495,2.2000296,2.1935346,2.198011,2.2311254,2.289296,2.3463693,2.3605487,2.2876523,2.0967033,1.7829801,1.374263,0.92795026,0.519356,0.22418511,0.09992814,0.17135262,0.42418408,0.80875194,1.252579,1.6783578,2.0222907,2.2477815,2.3508952,2.356482,2.3066359,2.245311,2.2039657,2.1926003,2.1987743,2.194625,2.1493752],[2.2013183,2.229626,2.2578347,2.2522051,2.1841252,2.0428016,1.8423254,1.6205738,1.4299848,1.3227756,1.3350148,1.4744246,1.7158101,2.0058103,2.2759194,2.4602628,2.513143,2.4213634,2.2078047,1.9252286,1.6420842,1.4243755,1.3187287,1.3413832,1.4760101,1.6806551,1.9014118,2.0885313,2.2100594,2.2589903,2.2520113,2.2205486,2.1972334,2.2023056,2.2344866,2.2694423,2.2665608,2.1821425,1.9850056,1.6696308,1.2625701,0.8197653,0.4150703,0.12293935,0,0.070664644,0.32086265,0.701656,1.1417277,1.5651929,1.909734,2.1400673,2.2531917,2.274338,2.245311,2.20907,2.195416,2.21216,2.2443383,2.2614787,2.2303863],[2.2488148,2.322768,2.3959844,2.4298275,2.3911424,2.265456,2.0644705,1.8252604,1.6011777,1.4470198,1.4028716,1.4815221,1.6633925,1.9007218,2.1300175,2.2893193,2.3353422,2.255551,2.0716703,1.833605,1.6055431,1.4482594,1.4027185,1.4796393,1.6578685,1.8917974,2.1253808,2.308429,2.4102468,2.4266067,2.3781598,2.3010252,2.2327337,2.1980987,2.1996045,2.2154827,2.206251,2.1278229,1.9472122,1.655931,1.276782,0.86164415,0.48049128,0.20454669,0.08824539,0.15510654,0.39157033,0.7505559,1.1637254,1.5589404,1.8779451,2.0893397,2.193349,2.2173586,2.2039657,2.195416,2.2193215,2.2800252,2.3581681,2.4184155,2.4227693],[2.338849,2.4721003,2.6067,2.6972923,2.7043438,2.6080523,2.4164395,2.164978,1.907699,1.7023188,1.5937953,1.6012468,1.7122204,1.8861263,2.0659332,2.1947443,2.2324023,2.1672313,2.019454,1.8352747,1.6733731,1.587795,1.6122699,1.750537,1.9754533,2.2370317,2.4769037,2.6448336,2.712328,2.6793432,2.572213,2.4336016,2.3077235,2.2254796,2.1941907,2.195161,2.1899033,2.1331728,1.9888337,1.7436415,1.4145966,1.0474042,0.7062048,0.45740044,0.35216403,0.41268897,0.6261753,0.9482993,1.3151665,1.6602564,1.9314644,2.1033654,2.1812887,2.1962576,2.1926003,2.21216,2.2800252,2.3961425,2.5353482,2.6557162,2.7125912],[2.4490144,2.6488953,2.8545356,3.0127757,3.0765767,3.0197577,2.8457975,2.5879712,2.3007116,2.044708,1.8701501,1.8030878,1.8389535,1.9451438,2.0718496,2.1678483,2.196493,2.147072,2.0381231,1.9116974,1.820306,1.8104794,1.9079014,2.1086059,2.3789158,2.6641867,2.9037633,3.0477297,3.0704708,2.9770498,2.8005657,2.5913553,2.4013672,2.2684484,2.2053175,2.1965444,2.2044265,2.1819518,2.0888734,1.9059638,1.6430423,1.3382411,1.0485857,0.8346139,0.7435435,0.79595923,0.97998166,1.254633,1.5614157,1.8406563,2.0477812,2.164738,2.2032416,2.198997,2.1987743,2.2443383,2.3581681,2.5353482,2.7441242,2.93497,3.0554538],[2.5405319,2.8071306,3.085665,3.3149452,3.4401298,3.4283185,3.278093,3.0201902,2.7091386,2.408343,2.1730235,2.036018,2.000552,2.0419567,2.1176236,2.1819987,2.2019463,2.16772,2.0961711,2.0251975,2.0011506,2.063075,2.22867,2.4863684,2.7961206,3.0988405,3.3318572,3.4458933,3.4185581,3.260375,3.0115395,2.730342,2.4766674,2.2954059,2.204651,2.1920843,2.2205045,2.240733,2.2079208,2.0963058,1.9079542,1.6728743,1.4404888,1.2650869,1.1896752,1.233129,1.3845472,1.6065118,1.8462751,2.0514734,2.1856012,2.2385502,2.2289815,2.197793,2.194625,2.2614787,2.4184155,2.6557162,2.93497,3.1988745,3.3869605],[2.5719366,2.8979695,3.2432218,3.5391312,3.7236135,3.7574477,3.6345005,3.3829052,3.0569656,2.72224,2.4382198,2.243635,2.1485486,2.1352987,2.1676576,2.2051094,2.2176414,2.1963677,2.1566374,2.1326547,2.1653006,2.2869902,2.5083828,2.811259,3.1500602,3.4619699,3.6828005,3.7641644,3.6868901,3.466716,3.1504858,2.8038492,2.4939551,2.2720587,2.1610096,2.1511004,2.2052898,2.2720668,2.3019915,2.2629294,2.1494703,1.9838386,1.8081999,1.6708937,1.6109236,1.6455414,1.7647748,1.9345891,2.1077085,2.23874,2.2989004,2.2857254,2.2246242,2.161632,2.1493752,2.2303863,2.4227693,2.7125912,3.0554538,3.3869605,3.6392255]]}